structure(list(fert1 = c(2.4578811715357, 1.47402534103021, 2.45320674856193, 
1.630672702007, 1.80690895554144, 1.82386092850938, 1.96273837410845, 
2.44280401032884, 2.46519092465751, 1.89317797629628, 2.22279073370155, 
2.09199340923224, 2.1319240541663, 2.08731902134605, 2.12487321177032, 
2.18198397448286, 1.49596469332464, 2.21287921387702, 2.35358302528039, 
1.71217956189066, 2.32686396883801, 1.71338548609056, 2.49692589072511, 
1.63508162547369, 2.09673696651589, 2.31853792758193, 1.54032829133794, 
2.29831993523985, 2.26070919183549, 1.45592241073027, 2.30871727741323, 
2.44108611124102, 1.97304033134133, 1.54661933092866, 1.89461953586433, 
2.25848356653005, 2.15066803758964, 1.49026673394255, 2.18474975512363, 
2.03678838862106, 2.09172626419459, 1.84295498402789, 1.99462602722924, 
2.37660465724766, 2.2353281182237, 2.26322812931612, 1.82120131878182, 
2.48033769065514, 1.78829961954616, 2.20716625826899, 1.98782407767139, 
2.32703588183504, 1.82610941734165, 2.4490138111636, 1.85322542262729, 
1.63021879449952, 1.73118837354705, 1.73982132123783, 1.89189344977494, 
2.02094093239866, 2.27647441558074, 1.80801987845916, 1.8548793829279, 
1.8450450936798, 2.20600195433944, 2.15129633240867), fert2 = c(2.13969679940492, 
1.56418580929749, 2.06114473848138, 1.4046442087274, 2.11280369935557, 
2.20812583949883, 1.90413991448004, 1.54525641952641, 1.46264215316623, 
2.33736644210294, 1.67342371181585, 1.936608722643, 1.99327162955888, 
1.92988242676947, 2.24052021128591, 2.21926965555176, 1.9118064803537, 
1.46853461374994, 2.15917207582388, 2.06258974124212, 2.48593721145298, 
2.48474953356199, 1.42318523561116, 1.60261368707288, 1.88927444175351, 
2.41459019745234, 2.3256379036, 2.19807392121293, 2.07174924616702, 
1.9765863106586, 2.13758533550426, 1.82325083876494, 1.55394233460538, 
2.30518690079916, 1.8648394754855, 2.24472362066153, 1.50761681799777, 
2.30296909054741, 1.78790676365606, 2.32118811591063, 1.77739137611352, 
1.84113902361132, 2.05661707147956, 1.95693336483091, 2.06857738955878, 
2.4261798636755, 1.49870159048587, 1.42127168511506, 1.93065560127143, 
2.17409426160157, 2.09900507801212, 2.46474111701828, 1.78363026250154, 
1.81561112846248, 1.41095184679143, 1.60372625910677, 1.90665229442529, 
1.96045155248139, 2.40978398041334, 1.51391854239628, 1.73866989111993, 
1.50428492464125, 1.99264835559297, 2.39922588872723, 2.30257441010326, 
2.06389955156483), fert3 = c(2.41449428850319, 2.20905499442015, 
1.60649982022587, 1.94196104581933, 1.53241785680875, 2.4579324017046, 
2.41711178596597, 2.39736033906229, 1.59629207262769, 1.70928907487541, 
1.54377670208924, 1.76059565299656, 2.04640460447408, 1.71726880378556, 
2.36632851627655, 1.59679204295389, 1.64162122546695, 1.99082074661274, 
1.75825577843934, 1.74358297339641, 1.69049320768099, 1.92657576906495, 
1.98520230029244, 1.4002062601503, 2.22885834327899, 1.42177227113862, 
2.20092851081863, 1.90801752288826, 1.80287673769053, 2.00846476315055, 
1.82870727626141, 2.41110576558858, 1.83709039501846, 1.7277603399707, 
2.01129835501779, 1.67223435638007, 1.91696085401345, 2.25708186107222, 
1.74596947294194, 1.66600764461327, 2.46350082978606, 2.23240306354128, 
1.50178857075516, 2.01839343798347, 2.20448846600484, 2.41632168900687, 
2.1237959473161, 2.31959093038458, 2.31543163454626, 1.53481293257792, 
2.37179937912151, 2.04866598555818, 2.13821129405405, 2.31460653734393, 
2.35296541040298, 1.8522962177638, 2.45464195548557, 2.07268575513735, 
2.49031016938388, 2.43001078639645, 2.13299782702234, 1.71196586727165, 
1.83178579248488, 2.04271069976967, 1.85416180097964, 1.87089685178362
), fert4 = c(2.47622339732479, 1.72187126290519, 1.59263056118507, 
1.81894449293613, 1.99808372491971, 2.18793817101978, 1.45377103534993, 
1.47484375750646, 2.4174565306399, 1.46226784477476, 2.46753141747322, 
1.40836986615323, 2.0521526100114, 2.39016008402687, 1.58823887493927, 
1.89067990004551, 2.23479857111815, 2.08795940498821, 1.86449470852967, 
2.404763883329, 2.40688701909967, 2.05867341894191, 1.52609323943034, 
1.88400889476761, 2.02078812727705, 1.46611626006197, 2.21165285282768, 
1.63378593367524, 2.30383852769155, 1.57669151818845, 1.8797986025922, 
2.38303637753706, 1.69659430182073, 1.51661133856978, 2.40744809200987, 
2.40317103303969, 1.94401511515025, 2.17966683360282, 1.49964524733368, 
1.52391843528021, 2.22833533578087, 2.11623527754564, 1.53812895636074, 
1.57630445738323, 2.1906919486355, 2.15246023756918, 1.89980558464304, 
1.98026769934222, 1.81973337822128, 1.69798532119021, 1.6092312711291, 
2.26337393587455, 1.68358377206605, 1.79484785466921, 2.30333719842602, 
2.14743773199152, 2.1489564829506, 1.7849167344626, 1.47896252104547, 
2.03777935043909, 1.78629366168752, 2.12465124544688, 1.99192049810663, 
1.69660689646844, 1.73146095690317, 2.42627379747573), resa = c(393.303281724464, 
354.211972610468, 405.605362557706, 357.582170134033, 365.386137752899, 
358.850794009901, 370.077943483852, 396.6538733881, 392.235662737033, 
367.980842041203, 384.36581132737, 369.144757161131, 369.821465055413, 
377.359603355599, 378.904516230094, 386.038517810926, 367.443559799502, 
384.06396371349, 397.87322646147, 356.889679766092, 382.109151437293, 
378.926378857888, 397.353800895302, 353.541230499792, 377.402421240285, 
397.939000507668, 355.945160635186, 376.812838871084, 368.92547361631, 
360.641181384482, 394.395405018522, 395.96116198877, 369.309302699268, 
363.12580995389, 359.897183267507, 383.575085549725, 388.778545621766, 
356.240134796121, 375.424981857125, 367.83598294877, 387.940651578619, 
359.148692564397, 376.004597145591, 390.5715202976, 384.858598114417, 
394.477287725651, 356.066816213804, 392.147161186772, 365.27598566473, 
371.063681606972, 375.709565862222, 400.518115464069, 361.505261405097, 
385.804184574603, 364.813775812119, 366.809943754162, 370.100263981774, 
363.854282109382, 371.962988964009, 361.121885773796, 396.910704369616, 
361.018307944579, 374.069914674501, 362.036766935719, 377.436012665513, 
378.675525694982)), row.names = c(NA, -66L), class = "data.frame")
